0 0.177344 0.175000 0.104688 0.245833
0 0.321094 0.168750 0.110937 0.200000
0 0.435937 0.181250 0.093750 0.258333
0 0.567187 0.207292 0.118750 0.260417
0 0.698438 0.180208 0.100000 0.260417
0 0.814844 0.200000 0.101562 0.291667
0 0.180469 0.450000 0.135937 0.279167
0 0.317969 0.442708 0.139063 0.281250
0 0.445312 0.465625 0.109375 0.281250
0 0.578125 0.482292 0.112500 0.264583
0 0.702344 0.466667 0.126562 0.245833
0 0.839063 0.492708 0.112500 0.260417
0 0.849219 0.790625 0.145313 0.318750
0 0.717969 0.795833 0.104688 0.337500
0 0.596094 0.792708 0.132812 0.310417
0 0.457813 0.804167 0.153125 0.379167
0 0.309375 0.782292 0.125000 0.293750
0 0.152344 0.796875 0.135937 0.368750
