4 0.077333 0.258000 0.146667 0.408000
4 0.215333 0.263000 0.164000 0.414000
4 0.348667 0.249000 0.137333 0.418000
4 0.490667 0.257000 0.154667 0.430000
4 0.642667 0.257000 0.130667 0.454000
4 0.775333 0.264000 0.150667 0.416000
4 0.920000 0.251000 0.152000 0.442000
4 0.080000 0.732000 0.130667 0.396000
4 0.207333 0.717000 0.161333 0.414000
4 0.363333 0.729000 0.129333 0.434000
4 0.502667 0.728000 0.136000 0.452000
4 0.640667 0.725000 0.140000 0.398000
4 0.776000 0.714000 0.122667 0.396000
4 0.919333 0.707000 0.142667 0.418000
